(
prf1.aln:0.12000,
prf2.aln:0.12000,
prf3.aln:0.15000);
