(
TCTAG_88861_1:0.08000,
TCTAG_88861_2:0.05000,
TCTAG_88861_3:0.08000);
