(
seq1:0.17500,
seq2:0.07500,
seq3:0.07500);
