(
DRD2_HUMAN:0.10000,
DRD3_HUMAN:0.09000,
DRD4_HUMAN:0.16000);
